0.52319613229916076909613963815597372546850038346607225129775506715578618299908337158262595350862254397745953013329933624455336444465258549013746841735301199213841969642872203079959227531777990266035674
0.50070932695308938607949510484301433194165061771147382288412229450117536912020356641013489735066527716804199086324920119116845193580665158210733984869865570759776085645464470771212744965625237835013703
0.45760752137018892089307164504480356804205646749425327309234420754642762309740374766154944896475228177114290197565698525422152664248592014986407402724442619633579565542305047181395995794889079672221182
0.44914566380179938372442410577466173540054904561599828020047988838949456295723136885487173442177302659976390282054847721757871625753223500045929409366609635851564434405157525619439673145336973166156395
0.45178546085501457966938716583494784379391719724920554545883675391822544148368827183297933050020485491481384553685606461748694847322288789943723813066599464812328707678752262570050732626080310783453853
0.45568100597583420009491460986655590670236032752503006389105078769925848277888072199853383435824034245856248093179165436571636856810986956224312812121050441376837563666842025575861722093188688605635285
0.45927065995697954789131730123088483453090438899047351357391456874157284731641340059245685315253254872137707442514140286617970436042625155186185297377564530580852599541058938003584797894743282703362164
0.46246046369855273875615103810107252801075984798819235478176944981857271407152206679319927489359229706349460516372819743270621127864918832895296682995581145093391627153393917041218169748749798515342688
0.46530777913581648883471224809524700989323867955757434802995558622201270675039257990303575024647432640805023614308461249705893550531598646428626696804284080376731185044741845724688890570204248163367168
0.46786859891662886277913589262279284325483340716451598437508237043657854598349243128378898667058833998602971552440089443489738685192354880148287273017882105493925720255747935140233515988093278819890101
0.47018768821488521328613069436609162421800384833650228460505910979785017937821043687289438280448237699960019076654170073985064777853456899436987343781173017035321040976357919614933295803557030702631027
0.47230071921850208273424970525976620338389000010503667203472840926742988999402231237972894048116385080680718955791646971594120724294875184325456132644271202667220581465557817509854755191367553274543039
0.47423645976122341888650351671103365150062534334151362340189481144069674495467265336699145826398606780057938857874261853875713662152253644780505130439174992103818868530035126307576463437842903858652547
0.47601838686104847209004607550391061826236152676935430758238639442689802634662815881858668219122018950987778171691986211416521113061209210208183874640472700422952269604724075473543489835665757871819846
0.47766586689707556430597405229277456314355402265368729575334210306396254254779268707416977838337434712224853073731773907688144459928740030937418794723445188437152618813272180731849637151470562286184224
0.4791950312680519543865045117169896691771534992451793188670100315242893343779515151190611346061942537999173858160615031008323841295980042866971324442417330705350906611660616673876170681944110384565645
0.48061943567113146244404712165381332487457323993773190767554534407594667993642190967240833183173037590342980001716495556881651109280769598895678254421871491488885164543681484458199869681505964130740325
0.48195056315637872756026055397087764230728841436137899789926036913182314296224484143061638644977681670428608792540046330817918257411210197315875061227095793155213643953274412330684049962911380546771937
0.48319821269182154478775718784950281731513439776769257312465440389242438508790762435198223601492423386159040840654993772740501754824673164133400642773373330432054592822898805275472251014209992835950858
0.4843708026698290330500256042647763152539570978655962586540955372836278885472011924885688238404112644154866648317101126296182948644541328157481547360108422304300537759611163908071035189308376464145033
0.48547561042279842560366074839644612492191247276390553481593686067037732824410608012244356622348359998129301588356296985903027078941186204631545618884649406221655496808085526880564966849981669124964348
0.48651896303904237322037551631957891804524465014596196169502204787792214816090872545941176388340967104008103565624885717825961392009541137362223250556574141940324498152315031644347094653865471867594015
0.48750639071878332957216011515253130423892438142617989645955442944905811010122324931387416999681787613247081821158193293103993637199752603691295473647730399524157865422814678294915134586407019148119088
0.48844275103007954060830526145703380241450589548219185252804988031147090682837989876957874077124856081058589060880034988349871186218197574874596718901754845151749550067737955371039836417677208874686908
0.48933233035056400452855267188072593697754032594620225008254507760114850783430693320770991378145997608115636943547120363984651328681431696294833861632290471322542937432113917965407456616788160279529008
0.49017892726961525926873332237192444926412401721449413849676607695793335376054032712072978306984985663662103675348862946415069627489132762393390837353702824052929781579039422741884291914121498630876659
0.49098592161210832941515260559186205805314427885416936021701721667337575160558046259127491996006846221144071986992743283155957399372499273956786603294297455114354056718397888944454264194979953626432703
0.49175633191601016402366819424485440338025941523846838650764546330835844293567567917292052349278237054896223524793756265968465207578094599393273126573188014416798426342898825189162968007761354432794036
0.49249286357307171831701608744068804042351258776350035089303555588769069556880523923735163057418226718516169515602771325002402923707660918078111019267999422692798529662174987859580603376868115328928849
0.49319794936934281682046968948336457982991762298003478352565781833814097937367653056943825299176958767210291037939277451589810253383984943297438658500913240731025421832647684190465791297611777065963828
0.49387378380078964262411618088691591698007084068979828583561034352457703488831760579483676209948198350743085487480973011662290716425392295383832926725034729916585260264958602436537246117649379641721237
0.49452235226059653471604578051313309462059385698878366218449350957497435304153905698358150745609563839074237052992111557423272129060645526886732185803223205179751384303183869845882930715571252910248499
0.49514545597821344666988153361160435124570409568573487924290549563817261771358381383427376916290571928616921904018411364054129172943156787301655095122441544064600428811512862982041728220046163091044468
0.49574473342079383675253343273855440594165520889573561667175640855504515392227699913260006063313923828863977580234763329412305003005467612517436158636727526609070280163601348445015170025338047104214245
0.49632167873421150468056243434364951608315743423498237327995842063308076383457327871077286565328727089505046826063542482121738552469503335801384616610408413153590353687991312547043101725234944373503371
0.49687765769504287258265829972151712002003483676043025237327105652254122123808542532829125993343318517057028300891144544307403588924495174419513955046839489986986008755538982254078561168206653019353061
0.49741392156051354234853563895373538424296426160270755862621892785759410267657145501516921440241394171752805576034478641019238490087165577161280672580494010493190339816314592830948199054071275740598116
0.49793161913571202543006601284819566342466402021569855582382682748972617366751934329149843176473355026595744439762418147423871913299138754650916627043368559852906134717164325575806951147338554597528939
0.49843180732276972604350531458362026277072808730355632886085067786275328115525611050548968492321891860115021090166718190444908652698328903479360918890061222954831449485999649036718026502497192512223745
0.49891546037243244320147686714104265169072319295097866559737551763499015683919206083435470027229077868830324064740778283204171286846029385558343380412093337738936269560137105583045762126417811162123999
0.49938347802237176236454414537033508617067602925089210654211814036164369462554310680274403556007438495868524764865639022197337852763211783783204471799727577142830455423546319292951099225897018834994371
0.49983669267704736803348286892899117189470365296795023784897027517878160674829880971216562649438291067701217508856254525276174710737362439907418933239701663670901489460013721675622448769028637352622456
0.50027587575963826494289430499696684237838498545208675969148930020604569385323625753190895395149176706562738083402225677158713018055993880399314416665497103713446305664688106522240702134301544353723694
0.50070174334649423701011424357305767374892218555703125976211683532941226984733882373098116013880632624314479826604062852297895000719632405005384063392418680182124371259126939239995839056605816298005725
0.50111496117791438507024365325205255353555264093646049611329381542181119412738197225177980898572471656226123308077674810427086580534552482656845312459792052971002666788249424954364981400721982510399848
0.501516149125198642256118090116569940607061453768222894433623834405276966539919497669761740442282283774099770026912802859036113412078817396616598069535754933631766127693904338380944073081463951739798
0.50190588518233115972451488511890126837243931716655454322065633889998659424718232187522482030842543964115046214769960705631655389619430273754195485311847826212735884907412847504704838614389488521973354
0.50228470904093281900051025021028635543552494780526784322885411525524580448374600429699682010263603091781706013831204036961152667008708974627402498447613297649898647228419606044619155338480430079223998
0.50265312529893482858425502781814544607294055387889618366662233801983385411328005943536183456126542105177483672581636828264384572720631380796850814517117048447769224220804059743686138581495123606583431
0.50301160634651027534003040294499933163015826505506408182467222024734754264610897677618316573367366286498258782418786234167747003558272499877869411020385611190794202822669953943535230308868639841165573
0.50336059496693948336924069204499259576777089966899618342183860807373817687734147910262214319494268994860914492561453044602841519012724026163048832968810480500183444593645654806603539590722373665227876
0.50370050668510183615269284986666185441224698763671140099521733746430923579069321579439510416781148420450591609782362552098885489341539351812372826401796631773933010663493472406726909648530984069198871
0.50403173189203707031131615174707556680935476837008423539799427724914356177311707503644735353085043584116962145482360086319080597092298589505839086857824238244327718585126681432874586300764694426237718
0.50435463777038441707914799686529900412925249293072999183683356439839363386799762911525729232395516534127925218978751497708231653527317249345836059202284206906946330880661122558170347146110499632988635
0.50466957004239061356785664229892045146051364299881094102426149335879051688051593542918932616047445000828037139363990773376541597055435646754786493713255776079781341186687471275013039229359626030388946
0.50497685455949686341195578366544579499163807922176395256204323368504407361930172141326836154597698812526356268471852236148140961091550506936945035220052288256175170471118946044287151051515789200900813
0.50527679875020316405698512873542844637577356961796008072095028041250704251877826305896137864908028796293264107036317546059458093122980437042922659133466802068024271285609849294054767720714877926082496
0.50556969294091012746157001453955447813129067514430024162180630660621120714377329730461265012373765878008292346282027765892636242114294041994509724697794007819464889302580475624938274133415454601746635
0.50585581156270679594565678006765558291829868128509686094461219053323517508287584402893702992961904556090476197476484548905776062072693665890816670117834120737623545016625808952489269607736282404160266
0.5061354142555688589904730900020312996461842781101520288659569482181741339458660052074589152916006529586339238136114020864765389719755000924282423822373693958206879737187743704576466479666045764660571
0.50640874688012222132195525402820452381413264372031035495564803980120457597528953960029089358574044648101559440539159563583500089896350985061947359243805183092860556891620149173096229903627629572151469
0.5066760424459843413816979103239695381745397013898555502621617266446007733079728697298939513737800053254113406344353750644724724132668441649779964964393995048452442185180435895929913150248490453789022
0.50693752196469673134728948769378247404446176949178319922996893812351946275172033619035709980433422222764316931656471723091829529704131700488173312807922813923451514560973948386035839301117453350398263
0.50719339523438664152493513266022456645208058968593780907780423055631041459100835520114347074911720250799801174493477807635659538454217353124897022819194789577782506609482146960721904991333584338063314
0.50744386156252738731871458367763385497313790679695876503511976153675253016001838850586252407770464014409917275111602628754512390502194085354932299185763250172278215806372148668029774516238774754329928
0.50768911043249066254308996870863327557927776542224488199970698236543710087159289304448643086255564789146698413506720135530541486693061115993446274356995201841780878587809574383348444627151274362260939
0.50792932211898826642301724141910300318895668964011293290255903898946709512984557853944394274147144469291255471323275214353385248416395313309470073733772529729948629740736043001565263703060064668116083
0.50816466825697447029457619732367892080713339987330514924737243631492563902688899927187107566598079439607240688119565715790641696771689903013721050022636039842659391328637105414210038270870650664671042
0.50839531236811477421480136651526420339320944229125841201775490613599183878919007986226163547211036725293149308300361751913899386057835372003972136537825289540388346998398584135958703063555007923304363
0.5086214103485143274377794821152397329779262938058114452674512258259152816000687618079918634051720400814295221498949926794218870815145793398253300567320532133003769941073267760517158897507621666822897
0.50884311092103315575740621815777407520808229810479425358851418142309384171852687745851077644458466070999698538749989780381524768844530949183247022302498166572214731263200205759441563455376774897882512
0.50906055605518980988268491350739552118808606387127297462766744058332475614739227940518598540366508096861153411763917663686264349269135889372534467025759230919457996071539840664840775693002607401680921
0.50927388135736515539953306887968186003502283255845558332955838033596778037426296974050745205709984348914196977517737511481871959215265503388199205554222226574343240569047828387549353393840007635766794
0.50948321643375946244282423767119823861800934023839962776929649784520122940611340098803245724685297151672874401184193466828195964349250586870210759685794393347958403884452236405400234928452158274613478
0.50968868522832498513414777784239786463382489231622475414571494795982455918187340005560319034361217420248276021664080698339374477370706473279914486732473715619175704672202363221035055190892553803014687
0.50989040633768959670507839250158694494013139533231422373806154212980450782891534037189496965366977338581863200519876021585293949567220106819897775577672173941001644439298335354893899353937060393256556
0.51008849330490193351460859875090859524123432587497974603818587040353946156040876944312906774150164697777657767596560545944716750229213074037384656610494040479940232078878669442475393339253203028006564
0.51028305489366242717327251714722453892528383961920022958298965533075274103107360644415129893102855054311297347995976308978700970771599253981749539374506332535524231390371953603305166108378986037991094
0.51047419534455540634970033308510226886961612227592833138194300773633879063170312410249621940336889540445395757030093797718698461510037717480345445843463753024894183456543557029568648843790225731940756
0.51066201461466323440747750380971760230220675335321348014358208085946508919516920812841930571974908664759607473644099187679328282050526438551745209885939159899276236183347574738736194552487994147225544
0.51084660860182255385480427646699332598378639399442283230858549719022236950746664998296032922692397859744681381819264554211865756187139705814070887238461544780734245343701422008013047028037212888128016
0.51102806935467367313332976327371494966698528211429005250057664643340965892176485795539700186932604075388111921953237935129371908003719110992865360152425608439973689856912850865023651142156855691410584
0.51120648526955566994668539537274669778065352542909238209431405367044387424436995971078282435453659788738671215581580103063265330956208627203747384111338271783391736168284650992647652640332790479674578
0.51138194127521076483351853501120116031361486532549763893859780615170861149856139553167486578431072346283489095783651540691198455220335525102536360877512655184853171474642596679881711821775319454798438
0.51155451900618093847077896661553362067323486276667468687304560353354813124360096152525630525960047912726003935674036429092264748817870573430565339254029886677252031982757045278393669948994639420154606
0.51172429696570674160423863701828967267305614925246845428885477610556005648119837895369821417425338240077027354602891210697463935744549462379106537353793401768611088519853979759199659652776923071646815
0.51189135067887199426185835341330041037427605541034988500377814231546249347942049829148320551568684607007510287508605748544874532404514256902230437605659433651778618769126178994345147959582988205843872
0.51205575283667789651053496901029488494230035774190044716526366562928053707993397693489328736249886802668303056002338263415697008189683284063488358029063167058454394466877645509561242938151051916398692
0.51221757343167535984590130263976965945494095587356531255808185271117050241307948744672146964369825465234105369216051625390332503698953660649326482215799130552523564693167179045200542023028894980575424
0.51237687988573456815218357838106806584141056990175971116775777534771309415710367548753999895377924380270043411044114953102201402623976458817649177125445549121440105974796249783914044230550831948177012
0.51253373717048540201822081852716704339778743230168503659326216753318991024023380754053103837179427740585333417358009095074271500415398047859977755253600209237111168438218015499834227943455754175266438
0.51268820792092097505723957880107154586521790311641315882475169395614261644371487223690700586376263832175742323361397346025758082085936960581710296190053332751465894706811291220827092409931946232647387
0.51284035254261874754382717573095691264588572539567193017435248752690687092661318400233472366393896144717366030673187881536230008350513862863380218606618584487699552262575608805878842747656399225909187
0.51299022931299915427078566695451079166634573901144710571558176715451065215228054289676588070346613033034065515158302163355747328580367117854230334768835189364752215237419864762663382571477808970587314
0.5131378944770100997171805169879018753849915895631292713042281675243556235247584463933276186537794071923141391518741222313164133412732344196400674124992042661476719372625910207520542582570917281056824
0.51328340233759675646226721084164549020110890009273341018991471541282352232814207852395561270404646872791820847326066202469002877284756728709833389895650882223745008288736409978579344309023834336943322
0.5134268053412896030489144306364281024221896282717613698078356073669390756164144536870199484913001552310352791148657588596828318077209973704100389951743451086386225697890642192182208035680973201679908
0.51356815415921933146330571951935791669801750617263625942558774881574984252509149306343548372073784017117239042796226017132523605259291696100738713761699637165118296401467602202171964657334895730070522
0.51370749776384494099203193778619841178005209099742685805884991402677309881704589112771084987293376536082346569544414520316485422894233510223374540386695506950530930809047265404896273478901426533642262
0.51384488350166083355687256806651299196516981695004433260790752820942924772178917304968996795067571577011119566585299877700496418886018436922804523076633067765879238282437338736643155311317769984707069
0.51398035716212987280534806568146923790259496279683261558134190748723415879339547086702850899502617486837739202612175329086972692797613056596604987617131697482203501156317992756547819923248188403152375
0.51411396304307201838612187560929521122971941189498838668616661645004189780059411581256629221382870350037681269385551439064340266645578534654605155635615949567582236661756486399836996994059335475033282
0.51424574401272216542405490840999910829060645312584606323884736010888334628248330828870397558579167777895284428538047273662115835740018266029955265391280353709421449633140323227248406712518346720199126
0.51437574156865608750184312090906608086098659114089676800305195944788543510718735016825002423264818682992176022871849618283148158925232154031930231700385130274333021496753483292659869370284330310677052
0.51450399589376979119173844319475188133205469197649487738249698947675679740521308145280003959097978219759964307029086906237454916374987906979954631230819318589913407883295578357611421098902766874919413
0.51463054590948504337430613733385415075306442540226940485700414210634413586619398036256375225238873099507185781283346288326376134772621553204049990501668072391629961142503835922756119324754683838396983
0.51475542932634224045987138838825288754671357366296049619779617012976979622584260414963306432669088060183545293284642426933669392506943272219084798639577484069203738218811176621816795275597989743136887
0.51487868269213107069553760844428659351155796748431402091111081932193081737499972716085712318861104148048787699157346707908717073819208401101617623946183213533861632825565778768564839438388498538879392
0.51500034143769950393713984049564053012503590645185593728057676472360243302964533541063403129711945813567569348460964472568724459024831395066186516322184152067481020380904055205066657226860058068116378
0.51512043992057246122323628543994409210546692743853726672360571717497029179168613027334993032624829082603439798336270468439369694676033533593854091737706718629492511533811570667792349735487476397311044
0.51523901146650300886504735613556734441264199118444164874864273604703127142408664028971128038953664254776692680541117910860224513866592540354395020506826123500353815541771279709204409483171192150574855
0.51535608840907103365157622141135723642233258614548219815025097192754961494485552485877597804376768379210692726401678143473884900084223376668530202609983523582640385848484041822254266811577352376513573
0.5154717021274370371530673918482635906417190363106511882780061759270477629610563289526631834802786865604837414703265721410126972443093910200129829922828413143486013430647155674955132939762714797973247
0.51558588308235189240412993957565670610634288177262670415862803001077319449730115950760689706255962892836512185988276346071212223003022502516971222492311103463872505302757118626450955645880683809002024
0.51569866085051709387607079157671441000439488643212614844192841107927068934097160079505016157732110096418180916027610753409016899088846633809284456807703921420022806898746988768177087751741261985011751
0.5158100641573841636408721976472553636791624827148605604504100478387212583314137635909992007170334651734967163804336130197397053669748802558126568322841937499046277849344987442943709317618577230509256
0.51592012090847641829810618213386180568125863261521603281913829696173370740073132158852344766849536447401207745580209940204643371518369713980160524254119931375655971034146334077460945936459594764670906
0.51602885821931122086162356549168671858302480276699655712223075248041008707392386429652467233516431469391424837357028665599394189024561673893908321341944951037421743883653938339524831927152767954330364
0.5161363024439961103590225985579442639903295916919216770976590694515883590887255178758270791669724754949662002743599836171529863481821625388915922595660650215528093823375795337559309033605406380241201
0.5162424792025677928023570103696474124662843534568608769815597225116216595546872080230674847458863340471814129149258371408839555420838158825734678531831114870087301320393198702806481187768694721859606
0.5163474134071388660829108784198275309551632714292065246241928124317610400102467033184551371055674090456219182000400762425098997775512465254338217026935318858861602051820280525984112403372204636613215
0.51645112928691331588505687878671975234236093750217532684791658089991657855825654477304040440763016988287568368021478267872353993560962548454040525439722004306321640591978289493802778906251297540602645
0.51655365041212823940049182504416368486443094226274083094226363405525213333588654940634552338382867403846494659717573441939333889748456821194897811905544797448788413903555822997675461316831344362953924
0.51665499971697590962388779235130298041895282631213496178817293540562939490293506738234643447602284705924984024672735736153994770257742205197738151224151335277517672124915426370535106608003734052520349
0.51675519952155716801829179503563727351519146720538067757226621914636191176133395617817314144127278635674912016012377609577459711173949182797269073053255577489373774953508973185894063855346945439714778
0.51685427155291421143803298252606323373102290792066040821998133422411843194802564280533969822476308393711632256717574931063656961331206806226112912011888549838456570758126051012445473182343315705956275
0.51695223696518810574207040100810244504252263896982573046472559666068760923690981472913029091049209649516963262285975514141222685970690802425099167208337783865485199585532290533599441003627454316920587
0.51704911635894380003427418131192730795270573956474069148022926882385132456570386390534896057107958662236401514841371410085639780515012386548720949656015377783448117097120504833897458291368060494176758
0.51714492979970301950101294462864847290362517000178379404412447862380643130273023864417220121575932979986049302799215883382467910506349106639231840687741543230439145027100480074029314745547790587347811
0.51723969683572316992138599214818253856161165152701933504438929981775271712026071741498914824620904163836981161445070632188960498144041884744148581885655630144055147680587966659492930049673356413315612
0.5173334365150582825289592332505355210769569120692232078015781528059721548591804948581703007214662829919530317568302219833925617822346392170290804428536156356455977139119875726524712866808954084458251
0.51742616740193605424549563744198584043163925976301390132743094176161661265196597982021177272897799973020529127664427555875875196700689895260324665297060668714483861177588269531098736282074840564678256
0.5175179075924831863707204648034998377046247222573419020148847818135735486239699287594499862989656915620738989006688575854340036944391412547928817467037873531334185393895236080873677754759526404350626
0.51760867472982948626396190433720259946443656017502218332462003541758103005135940736936205425849082444500699409649931266795473601442839545433889288514775764384017749070796630792331869698755847588963275
0.51769848601861956368622207713303306804545926589976148070486995172908547787286507085778891252784753150852733110350645759372648597112487108204233588321293680028149451676256039663411867333274101633739634
0.51778735823895941915265180236430181455841987094632132352501043623965946316983576564412036381483505500059312472948433594931813021917223933775763183933947355809523928762767748848534973525270457975575155
0.51787530775982377927175821278008833550951804993446477787988686816472676959654125600894477268962546610795922715458626191595525879543063574666691085745971293860646697904475119332851469734287974336718922
0.51796235055194867750105005604536503155934813694462157998882130400922646837012002941699878468299924157206961026137954388993810839468880025683901158167235056022399001532006040381936343239653150263993304
0.5180485022002325023582668688678939292064084445505694571575793463161026670131753175524027454812053013491720193316061482204749945903839817427767332308002366703943265172889621933729696587516146890362734
0.51813377791566753363332686393685567314008425184885379599019439414444527418685368220179681085396935756244296296923596314863811753760173601722801975324653895581304951130551904484960713014502547318152211
0.51821819254682285566810450753542719916347825593149403593882538728732138886019171543837020433650633333425827440995681294984278083367590115810302556350976322423670378293342524247700155639393241274567232
0.51830176059089847077780155542361781392434692533430697718120403591667908376727910547873199336174932515950580882734472296586683622595196883827592427558707736383513018233565954925377190241835830065344851
0.51838449620436943116974847083136804092200023941622752350774963040834039395326544139405463502204671353926237958949996070990100706860719803760984795828456968108242667766632458159132123929706932351603433
0.51846641321323786036085712304898344344398501824666149337453212317310330480978660718424897833589708064889610802908684373948846807015374009267051809206493216627864868807453905656677091209121651912613189
0.51854752512290984146585017062080023490733238993807779045976461580376587337448478977053611577471413315563644383902157082343955328659217304582826888710182835776745415629846671198924632500550782775241616
0.51862784512771330644041296475196302056351497839754656070492032767101354316132976566939687042080981853207094563831925212976930484270110539076252648521478763562883939117624665522778756640786617840225249
0.51870738612007226426632295953087749318554944713042711091803414221503146546423956132599964743848906053809748305137202124285976696856859097973474543042181398154785959737543876022926319471884233370409764
0.51878616069935195422572409831605065847979242721240934921922133188214681419363832771355214707402404408600230420980718090989630103603973421554927929610266618120858530480925027845902757578840669207571116
0.51886418118038880009568483251550502260817226697150246383466234706647114805620584763878778240744544156479836141498992795265551933865385313811035674596274852082031923333838535327530934766589685474830313
0.51894145960171836975411268583078380848558601827862300463888361143257628205652500385371969929908655281761215562205193595664755537061208771019237141356291351817587012274916836310352817780753993180764416
0.5190180077335139099478529290127561676627065090886541476562092333170896748378398654503553645275749084484179875033533581560280011922909807930595474962466995619122718133898166950989238671635671224936693
0.51909383708524742561638091285824570967273131968206861765278721351568679434591548157169214015844207419745507201435116893173115167482938031771987102352161955131795343375759032991282508939088537071021036
0.5191689589130847051204592345070386563398120228731249831885427691919526352989819235406956636931315892527113409052281129597656042320715995738309181479257809801031824052344213412868431480257204756619678
0.5192433842270251550618797456234624956519635542426458781702895904152430794914375341005056278566885784902388534970258264059454664085887078012233941148716032642481743531624726542844836732619301485304261
0.51931712379779679929235593699906069398112637403786436495331119358457670205523103295405282188666364259555179660080480452420527128872399468642251261220339639205347005201997283482044650450842174224275418
0.51939018816351631450909803190419695976564773646340751576018648037363200564056792503851362983966218754862536097460608860360602686216261747857824982050863149181493707543896282114323826214751997335539853
0.51946258763612351794344651405876451551985196443966573948085129126572487242325974591900856247063068032694215395642986801992335354994280278651055335923971585053024699230648753825310207140459913942337347
0.51953433230759928959080570603830851758277573026193773217654015201497419843688885559933189940194297468523367046059408729531980877635501212822816304916187306219647808411651458355696260108313440263289839
0.51960543205597550082329475498135029055930111531999447478826101920196405819323090867372223433538004778649449646741112098021937615736797631363445179933436207556251006726076518474499223753147357853338742
0.51967589655114513177734124954852218332446460519672597522727245393907178857641273020839933625083129223700197904362020691278542534913408108260925697225543005454972590217866604820595150110641267079014262
0.51974573526048039040513172096843868707844676567590397749740188847961888826528234936574817158380127022790117854659980326264057396200483326632688623851421694571596599345478227543513726353683998197264988
0.51981495745426629538592911598190921792010450275776631971078005588101676487065173541398081908501808859497634035058820119093009332184468591013362753717075912223966267878761087888667285329231628384875154
0.51988357221095685214634320227927854525731353333081916775233671732076485184702333049929702376736650137921189234426289472119531288959003699340818827657885936980780096598078656276848335091484145200883137
0.51995158842226063503947500143345950216663983663522341284201577734491417055051440238658792314940829792125395800845537390283704023388188654286515650731882627871745927759000866473782324896044239845218118
0.52001901479806228834495096214433487688232200783971094772655501315607662622609072592097158345585863798794769720144060252911492829569453731842004837166640844199318136664052490060590149911313970137372665
0.52008585987118617329628130909746045994530726326923579462034384458577370762923702303979369817197962469046712952972366288745633078442760574392999827734736080918197844799680478238982103086023093521131967
0.52015213200200811699349482491860306656257773457062391866396801202281775992476360947741180172735288719232488457256195856784760157228895544445332781648242952012741601259936448698761882814588850631924221
0.52021783938292096104252950606293498800143806941005916643129365014675196905437489793648512850375506634415845861837653185307047488083573542843174999666807264332124785023531639633626237130391156422922817
0.52028299004265936235012273794993309636579386136625991934081971877440540508902976429800769630974165325767126779726666122568517292209613903131639025243993118164507822831935986558013858281522664440849107
0.52034759185048906500941041043073506171782783272896018649515347682016244220774365796139548179160588483808485665474032792151195117841945355944634594235116944229239579062634664259529560812771112080247902
0.52041165252026563999345179533433732756092897962331417584850154155998867862771237600093985755818891526974190194340287574230003991274332606253656013094152441364860645361020727139182515530893231124067061
0.52047517961436747782600258329623140486610880165688818051937184100323175961862691329571035026251808759673606332824692426574874565498446594543600072088734315474032538277044967405564174885107745167356098
0.52053818054750761795136327112198642282488292917816431671419443431237629310962332819205747104313657029817555657479711194791397150272662748349614760380398559967686494625123925802864990541046836657463555
0.52060066259042880664178051600018371884420178910665036270073955217919381541476765251499840357357046860361628307191744237143214054540600504711780961660810593492886139072654597356709184176515486939581905
0.52066263287348599245672767467096223669863371634352392259561031031818076058838970476751095392941232191175649132423590581146192983586829746981890008999542965149031722316864901409522393413135356023239768
0.5207240983901202940278049128067852800440476438741171216387470260934524021541617519701203565549231928228454894548123483296553737153708351609870928708504893505597852095280208509489471896496255205546049
0.52078506600022830883780689686413214029410581706681397330207808185274882465794318970848268328300423612791559228585982223629289972332877470315189827250205730509241777806068245835797721984961742407980214
0.52084554243343047327026806501743443558716680005744102897511357685953767378620271292826950067514101080084853550701867150641543230550432021713994793422863323713934068512314627842624338088114423860762245
0.52090553429224203312819572699950105952473868355394337217935950613482365013707540252382170216515074927189527891801216063640483580068546968918776750205626793235455458694999785467556957953236067917220852
0.52096504805515003968204562658625344407931255978923750976451466092497383366053416457542734746205201187879658201916139273165588119651387716502353281514055824754035008297016616680875714551334069154615064
0.52102409007959964875281087101057504036304490987520992826185845062719686445716646751837715756852105385324011475200832793782285307913667676803261919695586464540282015177178870600742607622092948646981096
0.52108266660489286903182658711389125144433153064232361295797874268892613670404177357911344325788434056224734659153467938792405036670247937676675476279574434086353140079878277399019857070084553474723238
0.52114078375500278046867875947821623453278551171902853071858729324033395620276468769662799191618905590513280042849311816735174374949481483479242003289166717377635288734571083485707570162563883700620945
0.52119844754130612382414341183261038651790387021729792911238760279092665475783075474836676258273508471493594568082723600004761869406005646472373516704772789146326378668113274844154861815273745079506946
0.52125566386523704810456245502483965905961410355847474497239351687369195850995456579115256228441312104539601743680486742435080690158391384688938812358820364541881322051675242988572208253754808479301565
0.52131243852086469330117591277867272306774408456604367667196611374533720703129045950319055619573146145537431836850429444022325192755281937292116395350048447219529560375065569707608336306487974321299491
0.52136877719739718140093837924700038473054374214129440464885961170088742700609090766487114637428355856129927972765626896003385569254515901566754509353495813253455101803032083698372909483988808095523267
0.52142468548161448877621382870137363096769952340087387261375593128947541562699134476242136186429779493950188322516502498289303447706759444418751436321973274877344553071522799103907311843530813007703801
0.52148016886023257757431962531513225264646620736605675467448815451136765250460133789940610888904594863506448504454495732262302557088468787021949731928172340953082239148644473978047626923438694526188649
0.5215352327222010724011583691225043778058842518899270988297923144237020581331108358820535340970506136049823227093520424322872978126011283794696931503265060199367388769510934092228227438452872341727388
0.52158988236093668122453178155363377073315999505655012257270301239048796311846646784455761954079730867227822961414341800897569669362049799204896675085426261854548366031978416578086991440545848098846524
0.52164412297649447582132010981234935020763469381851235504860131091514826631687727802209173932245191020274734556174194897229782479089074272042190767143014042120686219218959105167796225920380171176159381
0.52169795967767906707780389029513955325998795584175340011680694031321464568444683545885421019490662201331275628323384869486758093213274006105169537797711925715620844033821832856548451216237380406634962
0.52175139748409763385281170004983764189557176294987580365167397165502617732384221538904763818282643322345740646181071201580168840385201314351185188582065226690842592453784186488029399583256170137686218
0.52180444132815669076689719801124977234236042582075028612124259036554662403356893994793812738157389386521635858271354959039567872931847591984511159369331160634028912630176045978358263180586853752564463
0.5218570960570044100336561955804083561226420108332091846560163454489651853135156019162873814007097405704646490041921071723250544154695573773640855777658166221176335153842604908237832336003624751539881
0.52190936643442024515585719595078655271905694732306503035696605054556411128443610997199795443844092351805539948715245391045435932769927215400735198606656181229414659602588868083523870727057477933199659
0.52196125714265353983108386319599017243502369364767275641802369161594200612955113327836836871926692781529547898274811125526378290508032926539586309453261534846299494764802988923080829098319745239793964
0.52201277278421274361799658022672974095088048961500621860545225549293696766453669778781937195891090676717390008630100881191187364045311121920715500377133899679258267323754756105715868418960894210725298
0.52206391788360679668074896426407277088657564512229631333102088460027358885568749039169558709160060619414743231232338588920044979872067150217626221496119294387338223573516643249434349739008751081074976
0.52211469688904018913752018055038460424867790684854457397138627390974592953422124095059644308297492392379826897434519929565479782431612368461836522950348968670852945207577587740433691837666214296260833
0.52216511417406314607750890001508138724720374454773888897634343829341306705890426894272399794868072389716363114989118336657864684192773673948886562929029672794682399548893511364415865385466430716722294
0.52221517403917833707269987194431209177600030947347083957478910140297099769222610220013336596253221562973951787848040292866372901463667060044065875506799128543702885829543222436000599871054758374481828
0.52226488071340545889522435467011799687435571121902562802771295733691398633200956113862428896021986590344769077238748046434949313349176214426350414542168678221165738210486030115217870960826686257835152
0.52231423835580499206220820135608317283926299785655344187355864576923648590784383666720716308929423974058553109594415818929370779055446222234883285122720797174373771574128548995777544951470219574771736
0.52236325105696238567643000951488463770957992883372261121108731119641482098280636620738984605170437469469985592676639244761255809001039704870084556314501882335580071532367511391033165479010519260393022
0.52241192284043388072620761199080156782227283571622580350921825355925434547330025262429961586987339899100201169481750931355824514928473199443533977916958300176660209121646935998041698420526602888680661
0.52246025766415513946927894591840420939369747355135619489632054475389845635201644265531174272280488407481640136971345942023657350195877128247119662615980086009110400843561164607024450158474849861613926
0.52250825942181380767467131787314883114793281755952234266302817665126914276474889014095431656643998029049074684923246402837740761857388860464513393249451635300545089744148201973616181798421845504526483
0.52255593194418709725911695665070279141941245271198255642286966417711405331094109273200750614035240006655529448739368550046374923520784516529358442643108754569281962376484737188765738605717780315921976
0.52260327900044543915955167718135270112868804932929090671831174933412982640034406049440812253295409757496403503095765759456311305233918652678203374003205065167204546117751939356067801288417677564010104
0.52265030429942322006313804848297720763555354697283207416327843641432364315593462417445687875380177517677063836449598167142063470963786100287021614050508133625197699903199594956160938710586446699107825
0.52269701149085758180684558811933115768707309369205002726982190262313754707979371505274732866274648799224078010833526438685070413519358564208491738090013293381113251145263232252750745376975489989435255
0.52274340416659622879873873663916237862558336662863599960750874705272480448146097821317080045167466199564972353909813443428166740517660506991296343559751441648665631829000200840367216307017425011463258
0.52278948586177515664452783752090455390771965655090843468658351094665413378286988669335550922458869662836293965748319757836449935418866614060895358651761173967541589183052759142004014671789079573155948
0.52283526005596718423015489145026882785415214957056150347416170963367601118298903405193960113148979989050965689816877515082803304049322041113368929691139141925257873489762452190593891102842154009583212
0.52288073017430214176136363930424800137569365108833919967578204389697882090437811096166133253002797131240204488166685763574740100527426949065907011309041341529794564334561440137230916022307443237734857
0.52292589958855953864397975731331106455020301798275104391122278074384947145051307575021671865403136787739972231037633602699828680015851163868761674315078440415642542061199215685515564127947027050903175
0.52297077161823450755599909619209414974678896440685543321155821547832740054344726970073703883518654358246289537813707990287614590086707644928883601063809299590906351922556570806961824885529644265422357
0.52301534953157779456878705853471489522297421297764914517618425457008224452297582729561111762030436831089080377495963160155839300630350522014039905955589194478710772389567611668549021145201136579551969
0.52305963654661053967609312109357892742212584952305417415733254164698248307720886541869724952021772302978618312102765869234764304255052773493077849985478021946108361229772763318014437338405221620933369
0.52310363583211456754456184744683924738991378408880054889167161445050784231547257858031721369122200561365826462227880081193934944190767117575881425112170616214692232225056862416037127879135000160639694
0.52314735050859888466827232737607666971405533328630279989449759005504152626531003545919655766825906646908254048135700850413434235071069603185205595807662841682405382181788867529803682125853749391178937
0.52319078364924305635467856209633280201205103748707897287296497688454830162757830437978165533172537695007140708615952603443530963446126762389363154846830862589426805374863319581589859579026834719989569
0.52323393828081811505399954228261345771308832356961011550777513207421255383239139285038071475310353423693754217791210612519528972551792622659752574797042174486900052910459765220814695538410159685212849
0.52327681738458563043410812883908551958906524050084521205177851016226734349561553586803016588279703897295155733185847018902600288257113527890093661259041826276022646701904604652879744396429860931568967
0.52331942389717555126534223567333970098934684571926517156579097417910103106226164383521380723558673016790990173665702756711591046194145741441059632387041821313797834130997848709098283411602915200327376
0.52336176071144340958294445538441800580706714854986387461314008638852643762618254742644704111621005954466722350566367346008393223182726287409840702965843357252318708473773139410246699184871294647209294
0.52340383067730745870897277574579928850773825431977409113574424722613949423457842169853022654131709810000122842776552635003143349595900031278673528724553568233053982144168681454799050051790705327287418
0.52344563660256629851180334058355226619099333832170965407938096759441394479450904966269324049768257157225067635763830122919815180015217817383327256569848526758805873354772951908831943874620596062003308
0.52348718125369752373233115962216312924841869377895535877266135655576183893489078009782583753407198339311435178311300764094767607246967387745156681899651492376045886009122086015227253636788882654284527
0.52352846735663791428544607102130393531064588813343808631860564303405517133582087980970477379733716483833935544807559076883570241611691097123880605597778667902676835519726215471802562202224300834082475
0.52356949759754567012825516516910429677157095911422998644512412669468396483798731236661934188983093599037720757582293760638160049797299529353805076168387208434599543359053908652454421995480121870718953
0.52361027462354517754887596999643987590692538821237779964343574119222128789580684303833507760177434990563619655667935393385505337285494438936414438751239890842564366370600402801490271952232473426846186
0.52365080104345477854852154858665716850875271506740315256436963928367911961982076040701879802315111183123971898577395497543889457892510757317729897130103149736072589226443467828454690741921958408873383
0.52369107942849800034312173471319972718369886305261351313329096087204316603222296737386245698313750833601006241927932071381288474478748267362464963905687498291194481857027949171902355145593895608069531
0.52373111231299868787790697603587950122742842690700048751956626305422935675091066822085290687496865382853046744637406841178396750303400831924437374980660457525133882732540857100018393401122142037582986
0.52377090219506046860916111746066263096549429880049385515204921048764693705284562945569663934459301363142779580653285052244974804424226736757047211901425724195672452614474057155264761463762675400053086
0.52381045153723096564252822217730715345279520128181489545278164973318490968376697393290189273135639600848209208615371935562271635063524977990935632458514104006979587779360787010881432173702325840105837
0.5238497627671511626084598197609967270726931371609481358621939994471710936089286611980299923597398239220751805467700099208429325346985682415169697512291221747839515901602434261757318361193262681228518
0.5238888382781903113850203199232559983516958533438005391357537766914755066852100716233790631364032899365519539810420993057710527807026655639425986978025170195405920423461008794178683911177538376853921
0.52392768043006676192948468340948332138406561265602294433803928105529521049401068922785862558854546676931107680541872916109078897762349732259551509677264821311325151484116885391725493682594781691294069
0.52396629154945508203683150993378223496330527173321275780584655184490283666219763836815689326600535839712512798496314942101368649982712681781054955371605179033727082036519834343237762692225576135318685
0.52400467393057982378990405314941050643163569220644651968657273077179115687018351784369189397819686776466605728640865523013146987538235626529850075903862108988856217097153476746667878634141501931856781
0.5240428298357962827878774599033015097269101367148047656108338019524840594540609071544630458258265818708904434988310940492924291672904198261010176931988977169749831342806890748648384915430244742223436
0.52408076149615858592254779187938796493149036599524601512266784858489775365213754939620963177206787899671003597041826507217779889408228278334244144989889952757318911935479715037047885052849802308260314
0.52411847111197543350225280520484782683675150536984796021711014930535954159237561313754506126679691011240106931792584889268139412244827202823960486330783972200366174807722159018517012154382598304348112
0.52415596085335381188791552774457464684787685565391495308872149298209675650013100637855768915073027004400834155175356847583420169461189853651197849228434028925789705683306187838321673506731883134290221
0.52419323286073098349227716313670620991870694626097773732544772439987029794223171497385690800206925648205927015224710469008348839345572851077161308737173555350937300668909369504210149340973804637736033
0.52423028924539505198987756431096140138288330849184546978137653061315255627418502700747990404777616535281950043863641527969419655956780835858384754565937181682012382916526607146061944548823290182469483
0.5242671320899943918802621943406460322881096237306822317923454107355968148167540376130431955651650249226059526034792416455698057415897551808038480012591601083138518120126373638470229005593500189269187
0.52430376344903622312922584378576595751554283105932585011740707347527628258313401320543844877279823197069161335397061112670505200537678803478573023638088222150445698600992696748185994281437715866411412
0.52434018534937460347207519743378096505067601534893103612140780065006292606855477992910042179995982231467659058816292028226679424538634348647738170446025332619349744951957868937049103303805003505182568
0.52437639979068810308876262943706355460841013048271210240660092091754446575838874450628731822806122877950707488263949233581259118374989172442285942330326872429322105552956948958709844978444991572593444
0.52441240874594741874357960609448228728877355907784925289659630883772305392900286231990021600824036703873073914808499656681420718925710426407024910885472945869787366930821532119844512052653066160745428
0.5244482141618731771125582785151411071155298603512388309299767847787145258688204221757402236523159121548251674656284751999941109015740836248646725586896296316686788505965726758732358719946362689933012
0.52448381795938416989084681324304069604508973118700794718984709787638072078755681670610968578841789442923602330299138521873535043504989805552323938992411881599717574515459604656313896270038936918559421
0.52451922203403625637148801972858584903909676098596694668169760814701856570309080337917609452032749279599005235324900425185369352719507438610123948579237689489129537003488207853690806306991015219958833
0.52455442825645216250797431793810150678072115771187041600264039882475480209732854871191967882578721783285481572598321851961988279273593254675185268182444261716945911063667343486085915206771336581558723
0.52458943847274239900773478163361489896497933793943476900149981548602246765240240033007541493856811704704258651245334189270367103303541996989228432592198465925229316687755760645445586203150276089077669
0.52462425450491751474470478916496673514026330024583212045532915944374514986758095414503293794116718875167023023176142197394340307813832486753958001631909739152745757157045133382360718264221681570143263
0.52465887815129189571900829064983450843250730877079821985505378993820406948968721352491218226697237203671684296703351132293842749385018084659634445805740469727024235611092229855264217249445414987907701
0.52469331118687931392350626236506407345412616021559565039662931159270813322583559702826165319741813014348949396896767663632820233863440311358287163480000699677864604195419627579442996646016658907393736
0.52472755536378042479376654200730937808211948785419766789769243229834563235657640762603767064765944927189517614468459419957873811311153783925433069345761743131689956805712513668159247687567388627634652
0.52476161241156240641338678147765482190705669077391966306947994987215216910961105654953702751615940477831575241455919078340533711427468303952195520202633078695754635131557853749639946590559515664416135
0.52479548403763092831430231011672022424195362506101404661551255056116835150320820360703889002887096563923479648690172000245775234049343513629919807859530548614713048637820948752253374129282185246005503
0.52482917192759463254572396061034148572216501422175830251484766201982337224071232130915727968511458256528699401473269159176175647075469030180952860115421673678570794204062506245467467748524746407221804
0.52486267774562230467989800820578889815969033998178451451170640886713535325522092620515040507822065075646235419167148801545403995241099863527671668352461470233037696304888713146234759726893215819404741
0.52489600313479290757240320654879368420590880149546185182603949376294914720724262224327557973817511971539797269402394289389585030057519374172226071485947684738807390800539645454215705225579126318574861
0.52492914971743864599385237738946935677773052673421375324681711052257106555837775966560188270331911726931009186443187193080703710970311893517824864899657814733263821628931780725771488144670354463758863
0.52496211909548122569350521707350983695456314674865937858327051955038294330951675663317962508568082056863244823974443305094900696610336515125290513801933712131913711939858512809412126704237067201191287
0.52499491285076146603847676387106486873056736605049545913158524166360603944896353385541454387526805641305293744037048357848519020485112818423487294793984944389343264749386101554943163848414443561791011
0.52502753254536242109018087257476379438248969672366237500195790670331208927796745940313117207860124601504076205599215782352439915524120626999261406831227437158176048553297295706756814256736629671361886
0.52505997972192615982779762359853545504054390123166117506657650301214682162499209217871215191050979056117348157341060120196455668302691284488742329540081942531462828394692487866758020979358611303916452
0.525092255903964352202487074191419258059877384826061727261225593839926520719306532620553799905893289246228207084016183777720715720386153532641820862579118092567629030083413619339521214904351167339865
0.52512436259616280380154300379853108859580654486340728137178675808278141740913679807998421643580261570774898632594776097429561185324963706099979195358651233935974855153913139469918149268296264838698529
0.52515630128468007811460111219638958082832774836221792857798140727026720852064543386037455187761933564251311539658713022610284157070185301923573805897738445643522044103211022556063777437632629521347331
0.52518807343744034172044981627881961332027972816907932617004089289498655262649364423396481070133483551693763056057085361644092017338991020138253317563600218543537340354684413225661485461567089549863646
0.52521968050442056414914706690052235426881984178339125425332960600392355330136824694612050038065480911352899649549196966047539938323269924681491660163254955106440213403224677617692262117268378864994671
0.52525112391793220071637170539762638747242420153624376825185113360137774202929546489977374920361621620293411887268134646263608077334038682650941514483780761940870417168952505383291986696775880379546058
0.52528240509289748327171495520803561745618603121947704977706059876462640425873394093064087317959140852309243642300594490831704568398549190651291690985741693793307864797553122730810491542199597105861427
0.52531352542712044054655741064097201366581817809474790167218143591550119718688133771832190483328847180374449644265498796116015443432962103000296354056039257866442188223577062154138745527354685120182133
0.52534448630155276662701348429343351273765300140896616926034389473135256863077834525838649483924710777849229475582967477658775120009560365323631372215986911092985117584935018382060376794241997090528189
0.52537528908055465301001136986022860679908278031906689696610742040987257271506633779213372737268576461957170377967493134227068629142212802185653872503146504791737080345649913598590898441869906622325517
0.5254059351121506967228786557528317959482064265323350046230483179827100664274894679003396891667848113411901889216691802973791082427495070152921156984097578933430784271644404673631993774535922870683553
0.52543642572828099409589760458867548831124824937263262305013778858380089707208613322937833562604186443521371539770902133931824432678889674402965134571573355519730782705418631523264306841237587804818312
0.5254667622450475269703606393515004002417755805072914369361669601627247196907547133042984673853314157654524237255641985662029913082001926600352506130798070828269524768611689262490000487607896639544959
0.52549694596295594539897750260353685887559006368274552105069087502549715527484877846605313544058572362283248901915525822130759307857706895559337229532045311157467761546338796109109355701977681980515624
0.5255269781671528482484395990478429219347293189986518358594099631546369062489086880635260885463298907759514794704534798888531747670466300632273101689449564904565966161093633094143723497586541842601868
0.52555686012765866054300610038101520900968122137852161494491913468272139471099704511694723073276466240964230160753108036487252745009065230376130385453311042148188169794875403848653526170734007400827096
0.52558659309959620389070196157608643155856778055595560526421741062392291532062431491657038911922171325679860872249833085157631010230552642302519912317828325995624477342333181682801442853133998441263064
0.52561617832341505390775765149696705287410269149597494842882178299602510968964590019766868468000885401423074442579081549209917122189128924861858408745053744572679194227439113915613789018984322759168713
0.52564561702511177620000450524576661104423439150950872020214002663937946536459464634176575948801005481891620029090122298698232870795889456421202768479368674538789440590903592832806619103898447498477173
0.52567491041644613016987813195232548542904793007862262613982060615663742214816362163900332658124297137901158489156333199173475776678970698150467265266857761220238884839070082646431279794336500248346286
0.525704059695153327692361785993696591829542345956445308687911798650287086673732626739247320888409566651915517816749744093970662640667231875085509002899202544688812121271260300563127483177167066686391
0.52573306604515243154058219087398073777688103870816523550276413104866172879727800655111807640928349845178746263588060694141645339470539469399394364183565655869499389259203556871297550862767266226283486
0.52576193063675097633988298364987838518342993159879696985062034017921000796590637223776420697998108352489340209872559605202787825419199481425343394576381412126049350585443158240966067748169178748816856
0.52579065462684589278614485987947595519572172016488484106379860719272235645124051650488089037578705602234185410875358124574298818378599020785946096431624746696326106642823334055271450628713378095104281
0.52581923915912081387806135069806251328884067722275831931834507726706683806599278213536737308285816119490797199545887883268726350373164424511928962157761843924078326260210317117206284349813106302511481
0.52584768536423983998224276093810175896531551229365615297352724270968700817275387761695238266290281808240912228930428342167323867358085321880777628440691949663818244350455597522282372957487101817502618
0.52587599436003783767269667724030248123395926182560664824832084053460831845505810835535416459217451767449840105386856263286748170185384374076931495593633696385751025333158919976494813219017701062718255
0.52590416725170734546076861297943323583830531983013062157027883972722688214286626566898784258074068078647303077917355398298982069702429366699897828394547185478208103653036479950285287311729074173107661
0.52593220513198215775642406518792381611189860103828416173988620092226252130117861237283144054260259464976550839609527374792777923386963637220418633474002501595961142016976831058413774542776394979827669
0.52596010908131765667527097520232472720523357020323467853554357533098812260851895798945954699880779567122657602747771955847163772182490638588606960094108704225291475902768610920105243856364893216576254
0.52598788016806795962646894412191046807758924679691700799388904765060208134925410894129864414540272793276692947993266491458654240890605952118866882619477212448515200008128333917649443525329570643452382
0.52601551944865994898320844046795670512658642873933539515742267255021515026803705395088194564944892844763466827903931093217956056498033188046974796443401243324336637144311203021768929641441444147221716
0.52604302796776424854837793395589588622251529265444101931484775762641037825595399703238897754253509929131647849394052001641122413271408356771327632015769820203959803529687513752504805419702184865892805
0.5260704067584632099820243020524714392350763389089189184597220318404488646067612811533031173033365587033950661044339156418641864853743145481957723381396797363598038644244241953721185022042145236210887
0.52609765684241597085295180793542754882177797301359221284839556782759760325523181597808798117434309825721162857640460987698402100968693854756241080682851192933234640259562475506794183804034317858301031
0.52612477923002064451304054134776904306595868394567645775950825263554707866497074424246027178912591815188680454139832230259909548440705753064616252196779931800081654215709616463660560325678839434367737
0.52615177492057370056838125479033481675838936173421255855444323100239736680560621840223085286626925029299141985882420439101680666808181995597301864699733450812058504547098850051132318014588167920210789
0.52617864490242659333494501768524779508697725696994150290423848298830370133790729941609567044698193128926969072079507026783730760679525610861890341748918776834359573800606626295332277762442658766047813
0.52620539015313969431709679371388423650422871221663631030593318692263274225658973438504078710626492353062391848021262252039981014432155003958283969092006717155083838671073128831732314083455630231825666
0.52623201163963358343372301144531892592900818495722551877867798484384820072812284581058389882398364545152246382953340114398898846330322304980955838068079535123554399788748075056546233889373395844174408
0.52625851031833775243801154168380239679154982186314138287054040373472462782272643423492084178246904581666107502520088453004463850777919194979020865512506208300691788025787660218038903001426489966931244
0.52628488713533677273197003029062959560613996120505864559844815287803146917127029592044979083771261263456142678274854747294586331129703858371172918972895097107305604634631140652057475673102381915274993
0.52631114302651397856460055518278107053262892113923082019340564378404059723316494980101712511697193494662408257112483402821055292896015777028256355382018905588588556057935326225318122868729449575868847
0.52633727891769271542230266170776258772616574654230633632561287548732705539207683200869997475661330280876221873876894143633408688224334414722292707655462293218801999410467462641421599518407988071169978
0.5263632957247752022706217061263236768617110618708651694952312861149507372899780144035770876304650716542463595447037734393662311940988517001219343092133825135366844567367331316771716908315862063604287
0.5263891943538790551869938697686572220747380008081096503769899542549607220227738732499498556521503342946403177904335843655911144279005330051333971265355745379111359684710371934650056909931720526520043
0.5264149757014715188337909480123155102407755512882161574442658156797292288642299551136680426141204901942386230889655533174865431949005494082902600984811588865289902306747966514775580149796298232836688
0.526440640654501451158892786021647876461088283240578380721752236095786214747018724216164220876032929434675780564532710896296400634946064980386544028371270584181103645914700105914290917380588512333158
0.526466190090529105676395731265095275255226055695853862910730495772203005855644729142580113383837415402896366436862898202692324854105180001978435596702872868837505385157086026619239529003333648610848
0.526491624877853754672110449662667620466011246046905078638464391551881725361206008507057547958921374750515312630139121739340138646583017189985242364801654551160005816831599829680656816947305239183014
0.52651694587563919569644579412695975274527409190178619416620957974672950749543045305855333165841674209725479809861063183723755306321654195523820894347078104068305564396220719924698439181332100776653
0.52654215393403718275037527305275858816297031474601974440120972825479024215188604686080322859294944660829534143899066592472864842791952019307188279439485319746232247587216125880368474896155356054631
0.52656724989430882263772061974356611279483254403557664933634192604462869388114745931277492997637895651381835591085427143611049656681301796941204117804741460460552019968268335303753340905942571097428
0.5265922345889439760482672075063066902453494387971993032592127042039464211312890922942787604927202805545834126721133285619835363809044192618184424247809267315507832309222075083186679608214434829863
0.52661710884177870205057462494007276265632591351326214240469298193996426185906777010140179793746672204024118720754841909816733580588416712922528880820056469520593446515011255644439958909851419981
0.5266418734681107838101097487714400916403507217943831416322196454742297639800014169839083636899132834747301096257132336504109437364665338557509217974028206540017971214111169887452225074161840528034
0.526666529274813372506876624664738368559830395882400534384714716197179755772836345194847120468773930166391873112304300020375027314791728453542060959067982272470055117560621547481799612411878508137
0.526691077060446785606434562931837348781990053934985766579461322049746014546924758890401131060675436299703021134659757402697149652050017119637300586666449058772161114066348183382949436966620691906
0.526715517615368494838489256477876156945111606431556321179760311773806159914428071358665003573342611338700180974786335516104719386734117634954935436159907170595819990219632590831808953456091386843
0.52673985172184133845753597646855366260748422113525540874310442739904350881363054907462510623836428424162003111008700688016398967653893702266164398634393914691355511177817305646325585650634154681
0.52676408015413999159977128389548296062091530830780346892480358491558515796912776937127044771727924246036628935129942875286259271382165275066329354496903834258986256512695984820253622374777895614
0.52678820367865572780912964461091156884838569068240444753420461775332926972805964156077308406190185044689031754222692705533090664617660284445588119520259132152926300672919315538672817927296437931
0.52681222305399950408231985321942312559293851764494810821881993215570768450256471903841711817111405820655862811091373727261301536769033539762411832525106909151476969073654349716209367161703402938
0.5268361390311034010776252738867064999727793215004096389792438255714919760995980899811066023575040385419234096417559345638587982819808391182310458578052746404149618191619617786762582630315611974
0.5268599523533204494444990901094018614447285961236327120661967140529584592953849393884409742416400640736475911142074299718426629239932213646628425318686863966623102534674603233182285358919650737
0.5268836637565228725601534819193335071204926251643480016811592581517045976696447827111491238767967832731309485156954124114808438171557558462850529719404449042819999383302120304466968697911197103
0.52690727396919877530494684694035929064056525693947126575468202407516139898616598025545025764029091221947975016771319937971065956996516885112395480073917687433832434031011876354624740636664923
0.526930783712547307869966769317484933313575243520756909245879258019956859927663645192494504020719454673411237893816361846595834240054806649471198553991511277247760809300572034219025386222804252
0.526954193700572332967352863325268190915561280917743439820933451039043712490796330462665504085545355460591057743908494226519267231186710322919176642894646071535841747273871295395067508114954381
0.52697750464017462420618040419127748301458751970883010495961862481822602766507586589203725307621804241907456919346287026699316646447322480010542951115444040939376328769001497042508848670602226
0.52700071723124262280372298804189380167674626838808581152382361262357604801954069796085623349275143896228706290130543227794971991366981040802699499688860972956435767591096571584153939817448173
0.52702383216674177922323275553185307563180265715225049920616284110480823780213479621200016733275083419470683764666711736566662953632549449852977208635066181783566518706917931589765068653038348
0.5270468501328025057646342289131584664688606680243232563317368731148505312869544697443139487927891871624803258685930283420304888499328420994057446120873872017397503989847990250744797536068629
0.5270697718088067655833482637137333144321116105983118113404288778367400448142430345214207940128528550361485980256742046635352159248311841956414230614366611083086062841318753883603815453118547
0.527092597867473323074482800327232138753318005490370262887605816819807646220980360620177738452640480551656737183650670679180966439744089053733641241062552256865998026762790750489893077839864
0.527115328974941680034494538437707761567863015430105729587682372229700746057896442175686331386485146387728019853902418781067917157564969015641871188397728896243941152183360858867596887520576
0.527137965790854721499798247409993343858873002725666456315047601433903511790534851868745716425340403020473201150033463903984750119579299553121773557408192869031860360127337726719589049905688
0.527160508968440094661346112121329496729692430274848753468519783070235634172186404061414446978506538200063610458493094164354008936050522528479370520417654276382660933371442699120502889226163
0.52718295915459034376559596198856412044892405565035280409069143735505710845490690185519620975356476739745381736410504651672481417644223936875590640440446744948452081634576027308104335700291
0.52720531698994182343522151819096742907245963356730680193542800529334229891724944600605604903755287288396303764209558695774451303067341134886484147662304807377353786561352209224092086369804
0.52722758310895241237708610834975541480063826273002682757390638965589990426966795341485373458446563976622148569513083528898710903784458188881787314300866512310624852937742026873190842950264
0.5272497581399780489901086484294879717412066156914932363622759897946772530075518067868472972528890244293132656704078235046612906869898391671248501580346192573519032870870675231713477113676
0.5272718427053481099414106289414481524261952620952845115459944082967942731695059613000093527153178446130541940368889388140613133609253641088124915224771158586001831722429900179572571794656
0.5272938374214396523452671883495735152196518761447219831585678321670554451329020859782551611186958370143794204713651993289808160364841672820560211873329183352984703263528924577365085525644
0.527315742898750539755623942782681798161834361328011487075664582496908040394503976256669745198881561154495668706647766181322683680498135841394329240789950304886255531197880258947570374414
0.5273375597419714717690216577845552147662137696955615655045873106928735967288807477964537248248391979655661057436432886475050784736938388710503792276539672905784573992405889085256605986
0.527359288550056936630438199672407001033146652734034057434342444061777633053201105117154698547191685926097658982158589054099338289855282152257284486585804592131304057154275318560722543843
0.52738092991629510583956387551671862289086120382038779539339133041584855956375315085872843801857608381320641334530410364336532484725550761537073994568380223584809039151091859170876947427
0.52740248442837668936913169863900897803746656438552571041480826905118126744904900454122834679583693003098644971950916407868343338601563004114264994263255524512467534743694870605128852481
0.52742395266846276972989457065735756769950453624837036419760767635412727020355658304793168877628418828500843539913234481683280917286472189680500350110052214400505523993831018455269445208
0.5274453352132516327484497422039372400882175005485066984992831172315234790807829121046143649732843838945349554410529656493417609347277646754702231770568096175279992650752741648006452656
0.527466632634044612564136509177666140122477046108038409628096613939658564310169878560668694463651922947185434854966123442494162511541364099047616717264173776490512809331354686128598809
0.5274878454968109679994614443803861536912609473722557793730791225357748746592787440564459190001453692941336406218715865527206945911506219093560659077402755155367279637480778474685617773
0.527508974362251807114728106713968524060829782298870587252231895386970466457482973191872378205695388529887546111034989011692903072081702077371851479384783602365566511893758167687207209
0.527530019785863076421562504347728635927799466734154137631979662199840948836352686142557966364257087549674380760483982548828320274192114191168911309166245155920134617884989757371660878
0.52755098231799763090163466954915953076418055288150735772777535694683134237088409160802851412572427389881467712951787278859590364516059049951509542620096258006847365653552732381525306
0.52757186250392640065588907601114726597606594263894615187466531321084658796069054706623157759790134654003748761622749577747115153171794193305432264608129694338530495103113675611794389
0.52759266088389866969582616176050432793195934341633269668688581089523445757930221539760171677271151697510684634296170219538023651435704581547141158887967281110733941880286588402073708
0.52761337799320148208164294011754031028467522520162767435526729701305329969099847232757967103486761968523804966812712668285697530660957172033880553396893980868532078535942781167274014
0.5276340143622181903121666201256084551686077258438086639543915760965265110100622140463014482231843479341951914871206485716030658664940333677202033095691952929583671520648902896169846
0.5276545705164861605783302020035406166654571687299414511663888746307390230130991655564589594936698584054441295755402473786721465654977791372700238113772761292972192787827661401318734
0.527675046976753649205276755037442603220610910210968333258560153356313120302991946134445292332544188139677487989899660137307586652030849610211570239627719706301784897000154030864371
0.527695444259035864327877682906143393621799508713918178377025407619173297688683682918902080978369222669663076669253037146439253158067608245000422038675159698336371089823282337625624
0.527715762874670226570352321278608896262083431569135036731447369207633476009103887706486820352134255896608160373126680150608482857483950336254162069376230220876645500876632550282133
0.527736003330370842232628577328439980676474375314454162503974091219309516815224985268701424026147580139468966326145103895702136253581978900829546436955238757534026177849882332615419
0.52775616612828220222393806129294877824814170460253180540573572412397822928399504125792247462905535761559454322823222919904011420794401444643218967209667047227713881360821055688527
0.5277762517660321197277493711067846309050414565241426703872675165305357902153605073454281983959388454401244894014431185828569197079493926236509409034341522192620708238942642660478
0.52779626073678391933136889125420675911356551104302900290431848811122331459676412049572507857920794577665046491785152335455005651425196460858286464644702502577221831739169565569355
0.52781619352928789010824248302430010723382797604107036076077328327866913866972720152031069909684643055812760580617153941653890234357889047207752747523753926919053528607827830928963
0.5278360506279320149010402975596657204035575190320620122567161015926855864182271270103997797226896018874103750918663090689801942538049986503083821833030556081232559487170760195485
0.5278558325127919878188707444274509153565811594248457129900894980472069227028581035288308157641738490041960637376551483728404593394147644780448913819051500453848133633728943975536
0.5278755396596805317323219872785580466836092726703218743095713050123410420370950207350951828315454930722488910409431624629082237840421682254368219192996097071635986831799962706309
0.52789517254019602732534718429217511329617849416493953775243644794589096700998074633242004310623805139928096805396835739808660582078731630231808670539716563440044186952431724075
0.527914731621770465043173295021114294746123111904275583302340649581082966880988713886089882846741721358570214659996442524255129844299072092861522777152532325902232335441371829528
0.527934217367716731060306072544733749982477892860783613381430556585533853657772092393963883253129550267843739210618536420973033689781819563798654612791797289854612367246042120253
0.52795363023727523818221237859725855928720847621010995127000225715228536054799108962945418955477372494860557474293179456999353584412100419206554998401695727687015507915956023583
0.52797297068565991238827473051412001870447158990971200262094617821277451428234677161719951047711355291784159755657577657225773823986794298702130625499417088476203918685774488272
0.52799223916410354552202445937449586209234020335382778014737506285778901901811355761798148980792161851203948763968505791890026916873494978055366908828241603576012057544244785017
0.528011436119902524437364307444254556914856093499046101989656932431159023668415903178319257897849783869074398444091093982360997830089433998412595174398050759338841625805791846
0.5280305619964609467163867491639650145148481620724012422778617660321204140938093027883359222827621547965045243927404647797512751364764112796217325681165431572002048148403347827
0.5280496172333341328853814841545139847742206088818349780816491458207224491450422075294991727610440886802602472151887852486324987503592658440147867129943646942403017468145901541
0.528068602266271544870607718662501096190740500691171530446735039263543099688539274703473502745744620788256237733027160183711768705745126516012875794574156822615603276615023306
0.528087517527259120254289840022122845495843350832844427027916968490436559630261184955052727617788269125214120139584755648026496245527974693393575903968066477416309197376224081
0.528106363444561031713987162584915985434528251721790259707718839508508972402024585368786365164718800712942098612021850064199244743701156732475083082929915281373222164295743346
0.52812514044276088085490022811300484364362902911105753850111672022607074091521744691680488231767407860383813537949983491479359918400706823811222210555372059031962347828631409
0.52814384894280233547472063577660534699692181924617858232065520436231112535419525431803191058253349415083400585337954825448374229397720770118873865451254149576630884452948958
0.52816248936202921913422376017677326375244753661095886254368519658428451070752721848076167581469117532142958547291480634767574320047738352273252729702215678376351165072801423
0.5281810621142250617438613769936686846654953638751234843117243857557605925224668737608915527427915067913210362098351876494569534264961830555426845380899549878052042755398364
0.5281995676096521197170536634979865884779034666241150236529710003523809040604030129512673258789094559886013284211047040417534868015089977347975639153213341522936892765899284
0.5282180062550898740846288460533314353458474091109186951619641068247480284470748759578039179369260786000329111297893850298539261913437278305639199044480330441679992137141444
0.528236378453873014811837504164290559876278861384891500259775737765137497126920613154026956210311158860133518388271192345202335035447972489470561172780406329890324536726639
0.528254684605928919409502734369994519493221082953857113680967202120966470792431003825796538871467394491446506419116743835686848374280627272868008063677157499787325615315937
0.528272925107814633784084445328464195840180332669174035419314468759355916957009494266040069320178140669075611385591624414123478845460938027444296809238157978919688145540008
0.52829110035275336312766525731182144792726507678230134517400856391315158765527045762072902028353585413010620766473956439746317750511541980699723687786366446219741807791195
0.52830921073067048050803786504438210512055462216721338415451054011450574938119978603794001500589193976052700232556515818475747331951314323858247969716908965908928190139532
0.52832725662822906068112208332052641463856757587911616602901893873097411090450254134553243970332775282327059564067038389532106592126028187121997082971559014977356329101437
0.5283452384288649465127986139956698944833419034199394104538874240978568555390395253900671525790493954654942211438966987644018909705371171658759030192889106134893950337796
0.5283631565128213552648519809062414250155102089327358606272159615140939414674463326542848740268433431098495511247056400935837003688361126538749053207793190321007207314767
0.528381011257183031870004807278814319063622812972684026558927755667463077625090186388688968203872774070818145712250283566817736483677440865715837637070947514395973459435
0.528398803035909956193938946682708191429350206644226572411405444112012320311920593838872312345023297170752074063469461425197116808561502353003403825284956070889681142945
0.528416532219870611157676726661159377966778886080408829797508844904331495122432550777853224908634011168159774350624786197491455747369717499982939855033481131475536461585
0.528434199176874818471680000286209602357548089695190305215895168595900736560561574481596123975032196547614983382511183704054241583715700118713400123615670824323829119584
0.52845180427170614861345953472968521991761886990679218498374995095285796636788400648899443903665291742073579199020697487497152474609926790439868767733781118475401141692
0.5284693478661539115633176016021201978725558342155802295355776211990998813295174888704923229537593930696857903409008780957836968585338554427142986503027957667699690044
0.52848683031904473469801893197254291691491634462495936071631168401700354753724897752998398033123245369634727304495202800524413948085633090459527676673943732236339558329
0.5285042519862737341296472403040866904717429378276883171601647979155381963093571790539807106298953595753590575291489250332675417387288143114833560008856078748755218374
0.5285216132208352856666053710823329768860306538197797594193501538414313990364113847665820244457650401405514102255512739779205589054555948646811360244234934254069811021
0.5285389143728534014656070946028992285184510250467880311754014720474782343087893899973440578447638380086033378314484792027402010620235307945371803522774012575203134605
0.528556155789611718337539205494862923474632123976156239730095650532635845724465618649922008340750309617968448755486376821677617715444098325818759738211155440907450139
0.528573337815583103566196574156700864356733143705348151079538002904169207143462960644386381519257610059760095014805552845834911609575824794527829986086491945742143717
0.528590460792458883997064034634164740242699420723000420719844305681069064737602365335120123700596049626244640422522180448790023278259105026847003603503470121761427942
0.528607525059177704053492451342297983189452073301471907455497488175654226359847520150660539191386403699642520067395177411809781795819844596411510621292374455531912937
0.52862453095195401823974807189703451182617449587385635127848104466245637007694436533844976823660251122579434384791396453446043786379606229915691222436346086190213216
0.52864147880430622359446148740626275374989483863749041353720254942218007096333000577686861106941522674790316532116891236289390068589506580516847590732939904575096006
0.52865836894708443746392336275667104445191735515459012648026166196745400274233857316862631851074884361675296698446018026465731822158461572833225143021771095256082834
0.5286752017084979258724277529481597608923983255004478614987224250410367688675232869360368277866182451642409435949532121178900785789933247388108368618316751178537151
0.5286919774141421876764104534232729004079757044672386984276317249630606860873639527001656258826984784577079683057406786340247566757200224071389618016326173746321254
0.5287086963870256996004305637255927695050461816300458084700508661955390650902051690633443747725882988430498155848272604728235559094293007414970463752146843833918383
0.528725358947596327166060325837974539163462786139552148627361009369458534911412152000297616533626076928428427634656962676627226364704615659986775151084485553417146
0.528741965413767406439444288048644448881278046652419138641464508729090741448744834447384429982588183620635888740474564685934428271943174929759741196356966460370688
0.528758516100943501439627781101456369807405365946881995237079096751238245080064532559767250175435856274690741365492364738017221656764421494140620201830339538298731
0.5287750113220458419677012737577637642369797066804367112911935634658863028873081529641979699388608912387460684504483360617199362609870824369389315752555554143066
0.52879145138753744653632693459209752182910592156082548169994574311151137606002095140599001521754409668264313587301591031294095469525099373165403304856560928650947
0.52880783660544793500027301584839457193759450659543975480039627475844867251513010852136813686128600675682157355947340546337678887241011057344413676313384225669464
0.528824167281398035411147637535890327041157420934279645906980691425089931169879373968445645421102854991982566762470040045359272680147605760198931467687155576439
0.5288404437186237895435641032509260898561282380683519466078176425537237735574001381764817666329159965245641409382281292537024762645730027945176662626654146215555
0.5288566662180004614654536947391511299240427540721623435100832470807691922485135991989415467684855962073592640380220948651275050688702408142117121480121570771634
0.528872835078066153452138375533896209395232080951702335036788055582564389354490680016737967850952117469705320100869115557645132984078792242271364455412507484601
0.528888950595045133472055106183952066052303015376092354642178382368037475469450369747885783306358375310577874349360456590223436696389318019817696724577093638982
0.528905013062870878401656352880235705744797425921341103837038035240328216301110147126702173317104978369867860143839071168283768170379111041120300640734136660058
0.52892102277320883705796935538377705736249018245597793431467608304425695508652169926898916964688426695841825440234970128176169102711727428037116437334306806073
0.5289369800154789170695519688481629860710549475467656228888897039849148490514592657133089095846239417202140596945172117584960215350214744656355084873924729158
0.52895288507687769954010821252756717782922289519282325011981530699241906990273877626470775593955706477310798202211111059947530610198191370502147212091625013895
0.5289687382424003853937954805333639295786402955759875950180176538363239605298069439716559634876880148533019096835182560814688775637256919241797183874180865605
0.528984539794862477227241742869794171256328930396622548916562127703350402734816146377430829484723288829401520685906281917505059538562173664262882504966762159
0.5290002900149212004304696336533247092847277179632741288028428222644235564829882751085727016460873240456643417596744415226895654500223997024850268894307990859
0.529015989181096667277270314959222117779904991041550527502542603383444512752567521230597325227876600493307262218499550225803630677802134763104907300723720879
0.529031637569792787625059214315675964929825893197879001250446852043571685907581392717424612199417562070766772353061514575620935736918446781642251158924368513
0.529047235455317929804854510336011393755851893449107772050462097885193524235848547068310268705682051773900180354065729235251106443355255031278269920285027038
0.52906278310990533522372447303482453322391672642746289538672612620371910414119199038733608105856751905635519756099033239335425012755692032624353378405690858
0.52907828080373329014482886807183744276585244186571875917858339537043583699701414831496140058013507314474717471811584618663016815318984485434902828583356828
0.5290937288049450580540105358256789123478074221753510552277083907048620662934475739958535457504720617785874764064836861045208171744469585900681709305918261
0.5291091273796685759667543856449538650466300282169977119054981840819099957838935567227254427155479847168120156907149625224271107393609488098599626968428038
0.529124476792035917975201319782731493527911777281331025391447868409101280097130958530137675865725546734900487098856720271385134030229530084993993495148116
0.5291397773042025292817634133461530467164691130545432199782966973613213834767897754598549011675017260187351189629503177314328489412213438637836269313231967
0.529155029176366233913713883314568758571027895893806198621199410987114316247770226245070290588538213361151894871388740618575514694491873216413062015874348
0.529170232666786019261901291367424125030944035710804140273335824627698488812314084324784385489829898856949749164684008914704676248593183490821337305855264
0.529185388031800600536442793697701219740314275569712390830392031482908876147624266075866041302449709910112145691104871616487707615073061641826464943286498
0.52920049552584676818286725882632764976201942935968408519510871788522976992489556519233040870638103880863158998101824227524541509402223924668732054156815
0.5292155554014775212536873246685368573912785221096577107458952760819496572595461293941428914839542050378206183744358160578864333069166008328094056437703
0.52923056790937998968276197179344791160208579566771379535562459649511488700903660294292541813622006903110321018944513352250229671282748016504119848991706
0.5292455332983931483630503640967706986837286203769725221094553088916460808975423043614779409195508025401136214444082756647772019382099496606324766308025
0.5292604518155253258824363544533550506453116793034963747750207095839193545299694733152448202947577028272049040328187571294623515212939926492683169255165
0.5292753237059715107272043556852596008712753348551813873273532773278801757486441634906018112568976159687214836726729400174013815635611825262224588280783
0.529290149213130457718454792377578598100568655217803604855132034754780671249212451971616994273190505499700392850926645553071374173807187674954380082548
0.52930492857862159740324499537502487917825240620986966802528204407373032426352140770352484759650928835157320087092175638968084051434529621065600106653
0.529319662042301751079513450800025948148088968376714543594517373543130820385576064237186335102587590527351258710217327751596770937742276835585748582541
0.52933434984228165409187638716071728994334950331205796423092707170652062432035311264095769583153837782095766177439845128089067581690183563204395877764
0.52934899221494228999416073269384032645089025107075412210212120521029134624962537951553498183990016678358655502960748948719350422265665974214959616129
0.52936358939495103813404178468082003478904178841402037063878432785035605734638668477643856749621199749847526065958678698371302034710908672956073465419
0.5293781416152776371753731084236451434550148009577566311417890726491639178945485089609045356325060815713000733305641494510642727467337810380029823738
0.5293926491072099670347161447162117559983209316185942757654901726091404050914401292548361717846757959598253543071054574560771758887053651859908249354
0.5294071121003696516701839758840989935130608901087834491824993482760124314386354388768192188625484422197439922628095951488602666234318075437403468328
0.5294215308227274851229942054485412814191859594093106794654381557843176021013490434788214251835393609234582983397445566202466776130256076294473982366
0.529435905500618683175066760540672681996106347039581792757910837686408800284896971982642622205075929131295248711731795215052386039287341130221688493
0.529450236358757962949590729474236869957872252762266399496849975940796308039712258230657673395266749521495703415998483839313119953532887719627686616
0.529464523620254452745707477560131914199769378940968814402826357181873618775656823294411820738166936269576663794118921763738164371763368098787014103
0.52947876750662643436330289199961713216983435525769634794298672130585219258362195629950134232832830129309887880298481629368220670600883466901541096
0.5294929682378159201393576063285348666284422067478764236806534693437448713746631464447835789292340957717096340132185053495259047422940147508631243
0.52950712603220306688335862010236967506333308675258545360734894543466088369217710128126956791479991654325035402327606730197529820825938063574272384
0.5295212411066204288659172868433457060618509476734437639695639116071874857836910815257063050010028213761998433538625889883419958478284225756871388
0.5295353136763670519819558661702128802454851526326378659252601166011929349851459316042816473208076678540932339657621309769650137504068587149097062
0.5295493439552224111776066391152568955958760794549390525153806318203939297239981061609349388135301883075675589961204269409494437335727551700183666
0.52956333215546019319830311906574483424695313724991407393086609373438253096587275421044537129565646338399009854612619632897415271652245092639549
0.529577278487861926684421534788449194751071610267941478482019051967269479769976517398419140765625604590280505156468323151694410575017838235663926
0.529591183161730461610242121587206616519352902630700508745408029734512566185284735298876665378528531922497513468001396839343954585557336861142411
0.52960504638490330003193365632672322008621900730790946399934057010902624184085614448232566197861968617481482926730294183450395514436304811659375
0.52961886836376578008071115082435699920369150136969382370625088155769893050797615663848801095698891782228964339267931866173021014967878924909265
0.52963264930326411510826592448732911985934917557342190346730247086119744220513513916791922350047181545161351325304307078430657090076868048811606
0.5296463894069182898630098642872563043906986202391654961953598289825666903538230160696676049764480401093080017525287667237627540677774334052286
0.529660088876834815547602201459369990847087910901970125526413951288392606407230874574753795940597331617927971717207399966036536717908409203536
0.5296737479137193455806284383616595519615289569932095775427651812420707818471602386903661636675360516875977115508363414719368687300735500165812
0.529687366716889153858168185362001853923834860051220868720825680572349693430315006834334971710776361457014368049180238808788298977604462088892
0.529700945484285477284312842675838881760843629249300829797834316292104897903286890976218434089773851640539618197772967318895916189650193544795
0.529714484412485724313466694344872305721966239470779884719651363382751016611684671715828974793787890049112496893278190208451295138126684548392
0.5297279836967155512214776578311424866112323723704363872749466992282373909743710957811714064056902315488704671267028011502809242049050751649
0.52974144353086080779728841397221708113243427584670500093391558773447456613442222305989273868647945581062367570015231863573353366789976627964
